200 74 213 28
1 1
2 2
3 2
4 3
5 3
6 3
7 4
8 5
9 5
10 6
11 7
12 7
13 7
14 7
15 7
16 7
17 7
18 8
19 9
20 10
21 11
22 11
23 11
24 11
25 11
26 12
11 12
27 12
28 12
29 12
30 12
31 12
32 12
33 12
34 12
35 12
36 12
37 12
38 12
39 12
40 12
41 12
42 13
43 13
44 14
45 15
46 15
47 15
48 15
49 16
50 16
51 16
52 17
53 17
54 18
55 18
56 19
57 20
58 21
59 22
60 23
55 23
61 23
62 23
63 24
64 25
65 26
66 27
67 28
68 28
69 28
70 29
71 30
72 30
73 30
74 30
75 30
76 31
77 32
78 32
79 32
80 32
81 32
82 32
83 32
84 33
85 33
86 34
87 34
88 34
89 35
90 36
91 37
92 38
93 39
94 39
95 40
96 41
97 41
98 41
99 41
100 42
101 42
102 43
103 43
104 44
105 45
106 46
107 46
108 46
109 46
110 47
111 47
112 47
113 48
114 48
115 48
116 48
117 49
118 49
119 50
120 50
121 51
122 52
123 52
124 52
125 52
126 53
127 54
128 55
129 55
130 55
131 55
132 55
133 55
134 55
135 55
136 56
137 56
138 57
139 58
140 59
141 59
12 59
60 59
142 59
143 59
144 59
145 59
146 59
147 59
148 59
149 59
150 59
151 59
152 59
121 59
153 59
154 60
155 60
156 60
157 61
158 61
159 61
160 62
161 62
6 62
162 62
163 62
164 63
165 63
166 63
167 63
162 63
168 63
169 64
170 64
171 64
88 64
172 64
173 64
174 64
175 64
176 65
177 65
178 66
11 66
179 66
180 67
181 68
182 68
183 68
184 69
42 70
185 70
186 70
187 70
149 70
188 70
189 71
190 71
191 71
192 71
193 71
194 71
23 72
195 72
122 73
196 73
197 74
198 74
199 74
200 74
