200 90 226 12
1 1
2 2
3 3
4 4
5 4
6 4
7 4
8 4
9 4
10 4
11 4
12 4
13 4
14 5
15 5
16 6
17 7
18 8
19 8
20 9
21 10
22 10
23 11
24 12
25 13
26 14
27 15
28 15
29 15
30 16
31 16
32 16
33 16
34 16
35 16
36 16
37 17
38 18
39 19
40 19
41 19
42 19
43 19
44 19
45 19
46 19
47 20
48 21
49 21
50 22
51 22
52 22
53 22
33 23
54 24
45 24
55 25
56 25
57 26
58 27
59 27
60 27
61 27
62 27
63 28
64 28
65 29
66 30
67 31
68 31
69 31
70 31
71 32
45 32
72 32
73 32
74 33
34 34
75 34
76 35
57 35
77 35
78 35
79 35
80 35
81 35
82 35
34 35
83 35
84 36
85 36
41 37
57 37
86 37
87 37
88 37
89 37
90 37
91 37
92 37
93 37
94 37
95 38
96 38
97 39
75 39
98 39
99 40
100 41
101 42
102 42
103 42
104 42
2 43
105 43
106 44
107 44
108 45
35 45
109 46
110 47
111 47
57 47
112 47
113 47
108 47
114 47
115 47
116 47
34 47
117 47
118 47
119 48
120 49
121 50
122 50
123 50
124 51
125 52
126 53
127 53
128 54
129 55
2 56
130 56
131 56
132 56
133 56
134 57
135 58
136 59
137 60
138 61
139 61
140 61
141 61
142 61
143 61
144 61
145 61
146 62
147 62
148 62
149 62
150 63
151 64
152 65
153 66
154 67
155 67
156 67
157 67
158 67
159 67
160 67
161 68
162 69
163 70
164 71
165 72
166 72
167 72
168 73
41 74
47 75
169 76
170 76
171 76
172 76
122 76
173 76
174 76
175 76
176 77
177 77
178 77
179 77
180 78
181 79
78 80
45 80
182 80
183 80
184 81
185 81
94 81
186 82
57 83
187 83
188 83
189 83
35 83
190 84
191 84
57 85
192 86
193 86
194 87
195 88
196 89
197 89
115 89
198 89
199 89
200 89
2 90
