200 72 217 13
1 1
2 1
3 1
4 1
5 1
6 2
7 3
8 3
9 3
10 4
11 5
12 5
13 6
14 6
15 7
10 7
16 8
17 8
18 9
19 9
20 9
21 9
22 9
23 9
24 10
25 11
26 12
27 12
28 12
29 12
30 13
31 14
32 14
33 15
34 16
2 17
35 17
36 17
37 18
38 18
39 19
35 20
40 20
41 21
35 22
42 22
43 22
44 22
45 23
46 23
47 23
48 23
49 23
50 23
51 23
52 23
53 24
54 25
55 25
56 25
57 26
58 26
59 26
60 27
48 27
61 28
62 29
63 29
64 29
65 29
66 29
67 30
68 30
69 30
70 30
71 30
72 31
73 31
74 31
75 31
76 31
77 31
78 31
79 32
80 32
81 32
82 32
83 32
84 32
85 32
86 32
87 32
88 32
89 32
90 32
91 32
92 32
93 32
94 32
95 33
35 34
96 34
97 34
98 34
99 34
100 34
55 35
101 36
102 37
103 38
104 38
105 38
106 38
107 38
108 38
109 38
110 38
111 38
112 38
113 38
55 38
114 38
115 39
116 40
117 40
118 40
119 40
120 40
121 41
122 42
123 42
124 42
125 42
126 42
127 42
128 42
129 42
130 42
131 42
132 42
133 42
134 42
135 42
136 43
137 44
138 44
139 45
140 45
141 46
142 46
143 47
144 47
145 47
146 47
147 47
148 47
149 47
150 48
151 48
7 48
152 48
153 48
154 48
42 48
55 48
155 48
156 49
157 50
158 51
159 52
160 52
161 53
162 53
163 54
164 55
165 56
166 56
167 56
168 56
169 56
170 56
171 57
172 58
173 59
174 59
175 59
176 59
10 59
35 59
177 59
40 59
42 59
178 60
179 61
180 62
181 62
182 62
183 62
184 62
185 63
186 64
97 65
187 66
188 67
189 67
190 67
191 68
192 68
193 68
194 68
195 69
196 69
197 70
198 71
199 71
200 71
7 72
