200 66 212 27
1 1
2 1
3 2
4 2
5 3
6 4
7 5
8 5
9 5
10 5
11 6
12 7
13 8
14 9
15 10
16 11
17 12
18 12
19 13
20 14
21 15
22 15
23 16
24 17
25 17
26 18
27 19
28 20
29 21
30 22
31 22
32 23
33 23
34 23
35 23
36 23
37 23
38 23
39 23
40 23
41 23
42 23
43 23
44 24
45 24
46 24
47 24
48 25
49 25
50 25
51 25
52 25
53 25
54 25
55 25
56 25
57 25
58 25
59 25
60 25
61 25
62 25
63 25
64 25
65 25
66 25
67 25
68 26
69 26
70 26
71 27
72 28
73 28
74 29
75 29
76 29
77 29
78 29
79 29
80 29
81 30
82 31
83 31
4 31
84 31
85 31
86 31
87 32
88 32
89 32
90 33
91 34
92 34
93 34
94 35
95 35
96 35
97 35
98 36
99 37
100 37
101 37
102 38
103 38
27 38
104 38
105 39
106 40
107 40
108 40
109 40
110 40
111 40
112 40
113 40
114 41
115 41
116 42
117 43
118 43
119 43
120 43
121 43
122 44
123 45
124 45
125 45
36 45
126 45
127 46
128 47
129 47
130 47
131 47
132 48
133 49
134 49
135 50
27 50
136 51
137 52
138 52
139 52
140 53
141 54
142 54
143 54
144 54
145 54
146 55
147 55
148 55
149 55
150 55
151 55
152 55
153 55
154 55
155 55
156 55
157 55
158 55
159 55
160 55
161 55
119 56
162 56
163 56
164 56
165 56
166 56
167 57
168 57
4 58
169 58
170 58
171 58
172 59
18 60
173 61
174 62
175 62
176 62
177 62
178 63
179 63
180 63
29 63
181 63
160 63
182 63
165 63
183 64
184 65
185 65
186 65
187 65
188 65
189 65
190 65
191 65
70 65
192 65
193 65
194 65
37 65
195 65
196 65
197 65
198 65
199 65
200 66
