200 75 221 15
1 1
2 2
3 2
4 2
5 2
6 2
7 2
8 3
9 3
10 4
11 5
12 6
13 6
14 6
15 6
16 7
17 7
18 7
19 8
20 8
21 8
22 8
23 8
24 8
25 8
26 9
27 9
28 9
29 9
30 9
31 10
32 11
33 11
34 12
35 12
36 12
37 12
38 12
39 12
40 12
41 13
20 13
42 13
43 14
38 14
44 14
45 14
46 15
38 16
47 17
48 17
49 18
50 19
51 19
52 20
53 21
54 22
55 23
56 23
57 24
58 24
59 24
24 24
60 24
53 25
61 25
62 25
63 26
64 27
65 28
66 28
67 28
68 28
69 28
70 28
71 29
72 29
73 29
74 29
75 29
76 29
77 29
78 30
79 30
80 30
81 30
82 31
83 32
53 32
84 32
85 32
25 32
86 33
87 33
32 34
88 34
89 35
90 35
91 36
92 36
93 36
94 37
95 38
96 38
97 38
98 38
99 38
100 39
101 39
53 39
102 39
103 39
104 39
105 39
23 39
106 39
107 39
108 40
24 40
109 40
110 41
111 41
112 42
113 43
114 44
115 44
116 45
117 46
118 46
119 46
120 46
121 46
122 47
123 47
38 47
22 47
24 47
124 48
38 49
125 49
126 50
127 50
128 50
129 50
130 51
131 51
132 51
20 51
133 51
134 51
135 52
136 52
137 52
138 53
139 53
140 53
141 53
142 54
143 54
144 54
145 54
146 54
147 54
148 54
149 54
150 55
151 56
152 56
153 56
154 56
155 56
82 57
156 58
157 58
158 58
159 58
160 58
161 58
162 59
163 60
164 61
165 62
166 62
167 62
168 62
169 62
170 62
171 62
172 62
173 62
174 62
175 62
22 62
176 62
177 62
178 62
179 62
180 63
181 64
56 64
182 64
5 64
183 65
184 66
185 67
186 67
187 67
188 68
189 69
190 69
166 70
191 70
192 70
193 70
194 70
195 71
196 71
197 72
198 73
199 74
200 75
