200 83 222 26
1 1
2 2
3 3
4 3
5 3
6 4
7 5
8 5
9 6
10 7
11 8
12 9
13 9
14 10
15 10
16 11
17 11
18 12
19 13
20 13
21 13
22 14
23 15
24 15
25 16
26 16
27 16
28 17
29 17
30 17
31 18
32 18
33 18
34 19
35 19
36 19
37 19
38 20
39 20
40 21
41 21
42 22
43 23
44 24
45 25
46 25
47 25
48 26
49 27
50 27
51 28
52 29
53 29
54 30
55 30
56 30
57 31
58 31
59 31
60 32
61 32
62 33
46 34
63 34
64 34
65 34
46 35
66 36
67 36
68 37
69 38
70 38
71 39
13 39
72 40
73 40
74 40
75 40
76 41
77 42
78 43
79 44
80 45
16 46
81 47
82 48
83 49
84 49
85 49
86 49
87 49
88 50
89 51
46 52
13 52
90 53
91 54
92 54
93 55
63 56
94 57
95 58
96 59
97 60
98 61
99 62
100 62
101 62
102 62
103 62
104 62
105 62
106 63
107 64
108 64
109 65
110 66
111 67
112 67
113 68
114 69
115 69
116 69
110 69
117 69
118 69
119 69
120 69
121 69
122 69
123 69
124 69
125 69
126 69
127 69
128 69
129 70
130 70
131 70
132 70
133 70
134 70
135 70
136 70
122 70
137 70
138 70
30 70
139 70
140 70
141 70
142 70
89 70
143 71
144 71
145 71
146 71
147 71
148 71
149 71
150 71
119 71
151 71
123 71
152 71
30 71
153 71
154 71
155 71
156 71
157 71
158 71
159 71
160 71
161 71
162 71
163 71
164 71
165 72
166 72
167 72
73 73
168 74
169 75
170 75
171 75
172 75
173 75
174 75
175 75
176 76
30 76
177 76
178 76
179 76
180 76
181 77
182 77
183 77
110 78
24 78
184 78
185 79
110 79
186 79
187 79
188 79
189 79
190 79
191 79
192 79
193 79
194 80
63 80
195 80
196 81
101 81
13 81
197 81
198 82
199 83
200 83
