200 86 228 19
1 1
2 2
3 2
4 2
5 2
6 3
7 4
8 4
9 5
10 6
11 7
12 7
13 7
14 7
15 8
16 8
17 9
18 10
19 11
20 11
21 11
22 12
23 12
24 12
21 12
25 12
26 13
27 14
28 15
29 16
30 16
31 16
32 16
33 16
34 16
35 16
36 16
37 17
38 17
39 17
40 17
41 17
42 18
43 19
44 20
45 20
46 20
47 20
48 21
49 21
50 22
51 22
52 22
53 23
54 23
55 23
56 23
41 23
57 23
58 23
59 24
60 25
61 26
62 27
29 28
63 28
64 28
65 28
66 29
67 29
68 29
69 29
70 30
71 30
72 30
41 30
73 30
74 31
75 31
76 31
77 31
78 32
79 32
29 33
67 33
80 34
81 35
82 36
29 37
41 37
83 37
84 38
85 39
86 40
87 40
88 41
89 41
90 42
91 43
92 44
93 45
66 45
94 45
95 46
96 47
97 48
98 49
27 50
99 51
72 52
29 53
100 53
101 54
102 54
103 55
104 55
105 56
106 56
107 56
37 57
108 57
109 58
68 58
110 59
72 59
111 59
112 59
113 59
114 59
115 60
116 61
5 62
117 62
118 63
119 63
120 63
121 63
122 63
123 63
124 63
125 63
126 64
118 65
127 65
128 66
129 66
130 66
97 66
131 66
132 66
133 66
134 67
108 68
135 68
136 69
137 69
138 69
139 70
140 70
141 70
142 70
143 71
19 72
20 72
21 72
144 73
50 74
145 74
146 75
147 76
148 76
149 76
150 76
151 76
152 76
153 76
154 76
155 76
156 76
72 77
157 77
158 77
159 77
113 77
67 78
160 79
161 79
162 80
163 80
164 80
38 80
165 80
166 80
167 81
168 81
169 81
170 81
171 81
172 81
173 81
174 81
175 81
176 81
177 81
178 81
179 81
180 81
181 82
182 83
183 83
184 83
185 84
186 85
187 85
188 85
189 85
190 85
191 85
192 85
193 85
194 85
195 85
196 85
197 85
5 85
198 85
199 85
200 86
