200 84 213 13
1 1
2 1
3 1
4 1
5 1
6 1
7 1
8 1
9 1
10 1
11 1
12 1
13 1
14 1
15 1
16 1
17 2
11 3
18 4
19 5
20 6
21 6
22 6
23 7
24 7
25 7
26 7
27 8
28 8
29 8
30 8
31 8
32 8
33 8
34 8
35 9
36 9
37 9
38 9
39 9
40 9
41 9
42 9
43 9
44 9
45 9
46 9
47 9
48 9
49 9
50 10
51 10
52 11
53 12
54 13
55 14
56 14
57 15
58 16
59 17
60 18
61 19
62 20
63 21
64 21
65 21
66 21
67 21
68 21
69 21
70 22
71 22
72 23
73 24
74 25
75 25
76 25
77 26
78 26
79 27
80 27
81 28
82 28
83 28
84 29
85 29
86 30
87 31
88 32
89 32
18 32
90 32
91 32
92 32
93 32
94 32
95 32
96 33
97 33
98 34
99 34
100 34
101 34
17 35
102 35
103 36
104 37
105 37
10 38
106 39
107 39
108 39
92 39
109 39
110 39
111 40
112 41
113 41
114 42
115 42
23 42
116 42
117 42
118 42
119 42
120 42
121 43
122 44
123 44
124 45
125 45
126 45
127 46
128 46
129 46
130 47
114 48
131 48
132 48
133 48
134 49
135 49
136 49
112 49
137 49
138 50
139 50
140 51
141 52
142 52
9 52
143 52
144 53
145 53
146 54
147 55
148 55
149 55
150 55
151 56
152 56
153 56
154 57
155 57
156 58
157 58
158 59
159 60
160 61
161 62
162 62
163 63
164 64
165 64
166 65
167 66
168 66
93 66
169 67
170 67
171 67
32 67
172 67
173 68
93 69
174 69
175 70
176 71
177 72
178 73
179 73
180 73
9 73
181 74
182 74
183 75
184 76
185 76
186 77
187 78
188 79
189 79
190 80
191 81
192 81
193 81
194 82
195 83
196 83
197 83
198 83
199 83
200 84
